18 5
4 0
13 9
15 18
12 14
14 9
8 3
15 3
0 0
17 18
14 19
5 1
13 15
19 9
2 19
5 20
10 7
16 14
4 13
15 2
11 12
0 3
19 1
17 11
16 11
17 5
18 8
0 19
12 15
1 19
2 0
15 9
17 9
17 20
8 1
3 18
11 16
16 20
13 16
16 7
4 12
19 11
4 18
19 0
3 1
2 14
14 8
14 20
2 14
18 8
12 5
7 10
4 16
16 16
9 16
18 12
5 14
16 12
5 14
12 10
16 16
5 18
15 8
1 0
13 16
3 7
17 14
20 6
15 7
13 10
9 1
15 16
3 12
2 11
9 3
1 8
2 0
17 0
8 7
11 4
7 4
10 16
7 15
20 16
1 13
4 12
13 20
0 9
19 17
12 3
11 0
0 5
5 12
1 7
14 11
18 2
17 15
5 20
13 14
12 14
