176 135
26 173
67 176
92 14
55 45
130 152
11 34
115 198
184 200
46 168
29 119
7 66
192 11
55 130
136 1
160 154
138 66
94 52
9 130
96 55
110 177
105 196
30 21
145 19
138 37
69 104
96 133
36 0
51 166
60 93
85 166
129 154
82 102
116 189
34 28
189 108
127 24
134 135
162 47
10 120
180 169
25 182
13 130
187 171
120 25
36 126
82 181
151 49
194 188
56 134
93 157
82 6
72 34
137 90
26 126
1 81
173 71
13 131
141 138
140 108
47 154
137 74
41 68
89 96
26 198
167 72
76 31
85 49
170 16
68 160
121 69
131 103
97 196
140 73
60 89
60 2
51 200
109 98
176 190
8 40
70 32
34 79
12 131
4 124
15 123
12 55
67 106
9 27
19 15
190 105
52 167
151 88
172 17
139 149
2 126
4 86
60 71
30 178
101 1
0 158
119 94
165 193
127 170
100 107
38 187
34 26
12 106
24 53
52 94
89 107
124 30
52 93
99 124
20 200
125 140
54 132
25 167
116 64
146 149
89 67
36 97
86 65
61 148
131 78
193 151
113 39
46 64
144 162
127 97
131 80
120 102
94 28
58 44
120 19
119 79
83 128
155 106
116 196
144 22
6 53
76 193
42 8
86 125
19 168
98 87
188 92
34 171
53 63
144 109
75 9
64 177
198 172
88 165
135 167
131 29
52 58
55 191
86 59
111 119
31 144
43 136
58 147
64 174
71 177
199 56
185 36
4 122
169 69
154 45
24 72
10 159
65 17
56 111
120 189
27 165
135 85
56 73
158 38
186 153
101 2
160 153
3 109
158 89
197 93
113 40
108 46
135 52
115 82
65 124
62 143
15 76
4 152
37 32
37 140
61 47
30 107
102 199
93 195
57 154
14 165
144 188
74 21
47 162
55 93
26 181
146 73
127 157
69 147
55 78
35 24
111 127
139 184
186 11
152 188
180 168
62 33
183 174
170 75
113 104
137 89
38 8
114 96
135 129
127 76
113 120
24 69
170 89
91 184
37 159
96 89
111 108
95 73
131 44
16 58
149 62
154 76
50 175
37 180
168 9
69 80
51 161
171 85
116 133
192 153
170 181
4 93
10 123
134 110
124 71
127 153
151 27
140 132
138 22
168 180
9 42
29 45
8 144
163 138
83 43
112 174
140 24
7 181
7 81
87 22
8 190
36 43
141 110
197 138
189 128
139 1
145 75
104 83
154 150
59 64
55 104
113 119
120 77
69 85
17 51
39 94
56 53
177 14
86 35
169 119
18 199
53 78
74 40
24 139
175 75
13 138
35 121
81 192
16 34
72 147
22 171
166 16
47 175
11 62
20 4
99 200
21 70
71 149
19 119
130 42
197 154
142 12
48 164
183 89
38 52
144 147
97 116
162 29
119 74
92 153
106 13
71 162
148 137
198 196
76 191
131 0
97 166
159 69
197 81
4 132
67 24
149 183
159 75
98 52
167 141
79 8
83 32
117 87
197 115
197 85
190 91
64 154
184 35
159 122
59 186
62 76
109 8
49 111
61 65
97 81
182 43
196 111
57 176
181 20
30 43
161 18
90 54
186 15
8 163
147 73
137 13
142 156
185 63
92 37
180 121
7 172
10 158
39 179
59 102
125 87
190 193
51 39
155 74
76 185
98 140
52 160
200 146
56 104
26 136
157 154
151 187
6 34
133 157
144 187
180 172
146 55
104 171
92 168
35 9
21 90
179 158
78 106
110 196
39 99
5 175
117 108
183 93
60 93
139 115
73 51
11 1
129 79
160 100
163 149
118 174
188 20
